128
90 1 5000 300 3 1
1 0 7500 290 5 2
2 0 8750 280 4 22
22 0 9375 270 44
44 0 9063 260 88 89
89 0 9219 250
88 0 8907 250
4 0 8125 270 8 9
9 0 8438 260 18 19
19 0 8594 250 38 39
39 0 8672 240 78 79
79 0 8711 230
78 0 8633 230
38 0 8516 240 76 77
77 0 8555 230
76 0 8477 230
18 0 8282 250 36 37
37 0 8360 240 74 75
75 0 8399 230
74 0 8321 230
36 0 8204 240 72 73
73 0 8243 230
72 0 8165 230
8 0 7813 260 16 17
17 0 7969 250 34 35
35 0 8047 240 70 71
71 0 8086 230
70 0 8008 230
34 0 7891 240 68 69
69 0 7930 230
68 0 7852 230
16 0 7657 250 32 33
33 0 7735 240 66 67
67 0 7774 230
66 0 7696 230
32 0 7579 240 64 65
65 0 7618 230
64 0 7540 230 128
128 0 7520 220
5 0 6250 280 10 11
11 0 6875 270 45 23
23 0 7188 260 46 47
47 0 7344 250 94 95
95 0 7422 240
94 0 7266 240
46 0 7032 250 92 93
93 0 7110 240
92 0 6954 240
45 0 6563 260 91
91 0 6719 250
10 0 5625 270 20 21
21 0 5938 260 42 43
43 0 6094 250 86 87
87 0 6172 240
86 0 6016 240
42 0 5782 250 84 85
85 0 5860 240
84 0 5704 240
20 0 5313 260 40 41
41 0 5469 250 82 83
83 0 5547 240
82 0 5391 240
40 0 5157 250 80 81
81 0 5235 240
80 0 5079 240
3 0 2500 290 6 7
7 0 3750 280 14 15
15 0 4375 270 30 31
31 0 4688 260 62 63
63 0 4844 250 126 127
127 0 4922 240
126 0 4766 240
62 0 4532 250 124 125
125 0 4610 240
124 0 4454 240
30 0 4063 260 60 61
61 0 4219 250 122 123
123 0 4297 240
122 0 4141 240
60 0 3907 250 120 121
121 0 3985 240
120 0 3829 240
14 0 3125 270 28 29
29 0 3438 260 58 59
59 0 3594 250 118 119
119 0 3672 240
118 0 3516 240
58 0 3282 250 116 117
117 0 3360 240
116 0 3204 240
28 0 2813 260 56 57
57 0 2969 250 114 115
115 0 3047 240
114 0 2891 240
56 0 2657 250 112 113
113 0 2735 240
112 0 2579 240
6 1 1250 280 12 13
13 0 1875 270 26 27
27 0 2188 260 54 55
55 0 2344 250 110 111
111 0 2422 240
110 0 2266 240
54 0 2032 250 108 109
109 0 2110 240
108 0 1954 240
26 0 1563 260 52 53
53 0 1719 250 106 107
107 0 1797 240
106 0 1641 240
52 0 1407 250 104 105
105 0 1485 240
104 0 1329 240
12 0 625 270 24 25
25 0 938 260 50 51
51 0 1094 250 102 103
103 0 1172 240
102 0 1016 240
50 0 782 250 100 101
101 0 860 240
100 0 704 240
24 0 313 260 48 49
49 0 469 250 98 99
99 0 547 240
98 0 391 240
48 0 157 250 96 97
97 0 235 240
96 0 79 240
90
